T class   resourceIndex   position(x,y)  textureRect(col,row,width,height) frameLimit   sizeInBox2d    offsetBody
P Player        19           60   500          3   3    112  86              3 8         25  30          0  -11  60 700  1770 400  3640 400
S Platform      31           80   900           0  530   64  192             0 0         20  70          0 5
S Platform      31           250  800           0  530   64  192             0 0         20  70          0 5
S Platform      31           420  700           0  530   64  192             0 0         20  70          0 5
S Platform      31           370  350           0  715   192  64             0 0         90  15          0 0
S Platform      31           200  350           0  715   192  64             0 0         90  15          0 0
S Platform      31           30   350           0  715   192  64             0 0         90  15          0 0
S Platform      31           -10   800           0  0      0  0              0 0         20  70          0 5
S Platform      31           -10   700           0  0      0  0              0 0         20  70          0 5
S Platform      31           -30   260           0  0      0  0              0 0         20  70          0 5
S Platform      31           1200  900          0  1015    512 64            0 0      240  15          0 5
S Platform      31           1200  300          0  1015    512 64            0 0      240  15          0 5
S Platform      31           1000  865          0  783    32 32              0 0        2  2            -3 -30
S Platform      31           980  865          0  783    32 32              0 0        2  2            -3 -30
S Platform      31           1030  850          0  880    64 64              0 0        2  2            -3 -50
S Platform      31           1600  300          0  190    128 64              0 0        50  13          0 -3
S Platform      31           -2300  900          0  0     192 192              0 0        81  81          0 -3
M MovingPlatform 31          1850  600           0  390   256  64             230 9      115 25          0  -5 
M MovingPlatform 31          2200  500           0  390   256  64             270 12      115 25          0  -5
S BonusLive     2            2150  200           3   6    34   36              0 10        11  11         -3 -2
S WaterTrap     32           130  1100          0  85    258  68             1  2        95  2            -3 -10
S WaterTrap     32           380  1100          0  85    258  68             1  2        95  2            -3 -10
S WaterTrap     32           630  1100          0  85    258  68             1  2        95  2            -3 -10
S WaterTrap     32           880  1100          0  85    258  68             1  2        95  2            -3 -10
S WaterTrap     32           1130  1100         0  85    258  68             1  2        95  2            -3 -10
S WaterTrap     32           1380  1100         0  85    258  68             1  2        95  2            -3 -10
S WaterTrap     32           1630  1100         0  85    258  68             1  2        95  2            -3 -10
S WaterTrap     32           1880  1100         0  85    258  68             1  2        95  2            -3 -10
S WaterTrap     34           80   790           0  0     130  128            0  4        2  2              -3 -50
S WaterTrap     34           420  590           0  0     130  128            0  4        2  2              -3 -50
S WaterTrap     34           1300  245           0  0     130  128            0  4        2  2              -3 -50
S WaterTrap     34           1350  245           0  0     130  128            0  4        2  2              -3 -50
S WaterTrap     34           1250  245           0  0     130  128            0  4        2  2              -3 -50
S WaterTrap     34           1400  245           0  0     130  128            0  4        2  2              -3 -50
M Enemy         33           250  200           3   3    256 256             200 6       25  25            5  -5
M Enemy         35          1170  300           3   3    128 128             150 5       25  35            0  -5
S Box           27           255  450          3  3     32   32              0 0         19  19          0  0
S Box           27           255  482          3  3     32   32              0 0         19  19          0  0
S Box           27           255  516          3  3     32   32              0 0         19  19          0  0
S BonusCoin     2           80   300           5  42   34  36               1 10        11  11           -3 -2
S BonusCoin     2           40   300           5  42   34  36               1 10        11  11           -3 -2
S BonusCoin     2           120  300           5  42   34  36               1 10        11  11           -3 -2
S BonusCoin     2           160  300           5  42   34  36               1 10        11  11           -3 -2
S BonusCoin     2           200  300           5  42   34  36               1 10        11  11           -3 -2
S BonusCoin     2           1430  250          5  42   34  36               1 10        11  11           -3 -2
S BonusCoin     2           1460  230          5  42   34  36               1 10        11  11           -3 -2
S BonusCoin     2           1500  210          5  42   34  36               1 10        11  11           -3 -2
S BonusCoin     2           1540  230          5  42   34  36               1 10        11  11           -3 -2
S BonusCoin     2           1580  250          5  42   34  36               1 10        11  11           -3 -2
S BonusMagicEffect     2    1200  850          5  42   34  38               5 10        11  11           -3 1
M FallingBlock  28          1000  -100         3 3    130 130				 0  8        15  15           -3 -10
M FallingBlock  28          1080   0           3 3    130 130				 0  8        15  15           -3 -10
M FallingBlock  28          1160  -50          3 3    130 130				 0  8        15  15           -3 -10
S GoneTile      36          560  590           0   0     130 130              0 5         30  30          0 0  
S GoneTile      36          560  350           0   0     130 130              0 5         30  30          0 0  
S GoneTile      36          735  240           0   0     130 130              0 5         30  30          0 0  
S GoneTile      36          680  720           0   0     130 130              0 5         30  30          0 0  
S GoneTile      36          830  820           0   0     130 130              0 5         30  30          0 0  
S GoneTile      36          720  485           0   0     130 130              0 5         30  30          0 0
S Platform      31          2100 1100          0  390   256  62             230 9      115 25          0  -5 
S Platform      31          2320 1100          0  390   256  62             230 9      115 25          0  -5 
S Platform      31          2540 1100          0  390   256  62             230 9      115 25          0  -5 
S Platform      31          2700  1100         0  0     192 192              0 0        81  81          0 -3
S Platform      31          2800  1100         0  0     192 192              0 0        81  81          0 -3
S Platform      31          2900  1100         0  0     192 192              0 0        81  81          0 -3
S Platform      31          -2800  1100        0  0     192 192              0 0        81  81          0 -3
S Platform      31          3000  1000         0  0     192 192              0 0        81  81          0 -3
S Platform      31          3100  1000         0  0     192 192              0 0        81  81          0 -3
S Platform      31          3200  1000         0  0     192 192              0 0        81  81          0 -3
S Platform      31          3000  1100         0  0     192 192              0 0        81  81          0 -3
S Platform      31          3100  1100         0  0     192 192              0 0        81  81          0 -3
S Platform      31          3200  1100         0  0     192 192              0 0        81  81          0 -3
S Platform      31          3300  1000         0  0     192 192              0 0        81  81          0 -3
S Platform      31          3300  1100         0  0     192 192              0 0        81  81          0 -3
S Platform      31          3500   800           1  205   135 40                0 0        48  17          00
S Platform      31          3650   700           1  205   135 40                0 0        48  17          00
S Platform      31          3800   580           1  205   135 40                0 0        48  17          00
S Platform      31          4150  425          0  1015    512 64            0 0      240  15          0 5
S MineTrap      14          4100  380          0  0  130 130                0  5        15  2             0 -8
S MineTrap      14          4300  380          0  0  130 130                0  5        15  2             0 -8
S Platform      31          2650  990          0  880    64 64              0 0        2  2            -3 -50
S Platform      31          2700  990          0  880    64 64              0 0        2  2            -3 -50
S BonusMagicEffect     2    3950  330          5  42   34  38               5 10        11  11           -3 1
S WaterTrap     34          3320  880           0  0     130  128            0  4        2  2              -3 -50
S WaterTrap     34          3000  880           0  0     130  128            0  4        2  2              -3 -50
S BonusCoin     2           2850  950          5  42   34  36               1 10        11  11           -3 -2
S BonusCoin     2           2890  900          5  42   34  36               1 10        11  11           -3 -2
S BonusCoin     2           2920  850          5  42   34  36               1 10        11  11           -3 -2
S BonusCoin     2           2960  850           5  42   34  36              1 10        11  11           -3 -2
S BonusCoin     2           3250  810          5  42   34  36               1 10        11  11           -3 -2
S BonusCoin     2           3300  770          5  42   34  36               1 10        11  11           -3 -2
S BonusCoin     2           3350  750          5  42   34  36               1 10        11  11           -3 -2
S BonusCoin     2           3400  730           5  42   34  36              1 10        11  11           -3 -2
S BonusLive     2           2050  1000           3   6    34   36              0 10        11  11         -3 -2
M Enemy         40          2100  800          3   3    256 256              50 4       30  15            5  -30
M Enemy         40          2450  800          3   3    256 256              50 4       30  15            5  -30
M FallingBlock  3           3500  70           34  36  128 128               0  7        32  35           -3 -10
M FallingBlock  3           4000  0            34  36  128 128               0  7        32  35           -3 -10
S Box           27           3620  450          3  3     32   32              0 0         19  19          0  0
S Box           27           3620  482          3  3     32   32              0 0         19  19          0  0
S Box           27           3620  512          3  3     32   32              0 0         19  19          0  0
S Platform      31          3970  490           0  530   64  192             0 0         20  70          0 5
S Platform      31          3970  620           0  530   64  192             0 0         20  70          0 5
S Platform      31          3970  740         0  530   64  192             0 0         20  70          0 5
S Platform      31          4350  800          0  1015   512 64               0 0         240  15          0 5
S WinGate       15          4160  740          3 3       128 128              0  4        35  35          0  -3
S Box           27           3780  450          3  3     32   32              0 0         19  19          0  0
S Box           27           3780  482          3  3     32   32              0 0         19  19          0  0
S Box           27           3780  512          3  3     32   32              0 0         19  19          0  0
S WaterTrap     32           3510  1100         0  85    258  68             1  2        95  2            -3 -10
S WaterTrap     32           3760  1100         0  85    258  68             1  2        95  2            -3 -10
S WaterTrap     32           4010  1100         0  85    258  68             1  2        95  2            -3 -10
S WaterTrap     32           4260  1100         0  85    258  68             1  2        95  2            -3 -10
S WaterTrap     32           4510  1100         0  85    258  68             1  2        95  2            -3 -10
M FallingBlock  28           4430   0           3 3    130 130				 0  8        15  15           -3 -10
M FallingBlock  28           4600   -100        3 3    130 130				 0  8        15  15           -3 -10
M Enemy         41           4290  730           3   3    256 256             75 6        20  40            5  -35
