T class   resourceIndex   position(x,y)  textureRect(col,row,width,height) frameLimit   sizeInBox2d    offsetBody
P Player        19           60   700          3   3    112  86              3 8         25  30          0  -11  60 700  1770 400  3640 400
S Platform      30           3200  1070          15  730  128  128             0 0        2 2		    10  -20
S Platform      30           3400  1070          15  730  128  128             0 0        2 2		    10  -20
S Platform      30           3600  1070          15  730  128  128             0 0        2 2		    10  -20
S Platform      30           3800  1070          15  730  128  128             0 0        2 2		    10  -20
S Platform      30           4340  245          47 970  256 256              0 0        13 2		    40  -100
S Platform      30           120  1050          0  1342  256  231             0 0         120  105       0 0
S Platform      30           4850  430          0  1342  256  231             0 0         120  105       0 0
S Platform      30           395  1020          0  269   192  192             0 0         90 23          0  5 
S Platform      30           395  1020          0  269   192  192             0 0         28 70          0  5 
S Platform      30           650  900           0  269   192  192             0 0         90 23          0  5 
S Platform      30           650  900           0  269   192  192             0 0         28 70          0  5 
S Platform      30           900  790           0  269   192  192             0 0         90 23          0  5 
S Platform      30           900  790           0  269   192  192             0 0         28 70          0  5 
S Platform      30           60  590           15  850  128  128             0 0         4 2		    10  0
S Platform      30           720  610           0  1642   256  64              0 0         90 27         30  -5 
S Platform      30           520  610           0  1642   256  64              0 0         90 27         30  -5 
S Platform      30           320  610           0  1642   256  64              0 0         90 27         30  -5 
S Platform      30           120  610           0  1642   256  64              0 0         90 27         30  -5 
S Platform      30           4500  430           0  1642   256  64              0 0         90 27         30  -5 
S Platform      30           1200  1110           0  1210  264  64              0 0        125 15          0  -10 
S Platform      30           1400  1110           0  1210  264  64              0 0        125 15          0  -10 
S Platform      30           1600  1110           0  1210  264  64              0 0        125 15          0  -10 
S Platform      30           1800  1110           0  1210  264  64              0 0        125 15          0  -10 
S Platform      30           2000  1110           0  1210  264  64              0 0        125 15          0  -10 
S Platform      30           2200  1110           0  1210  264  64              0 0        125 15          0  -10 
S Platform      30           2400  1110           0  1210  264  64              0 0        125 15          0  -10 
S Platform      30           2760  1110           0  1580  448  64              0 0        225 30          0  0 
S Platform      30           3180  1110           0  1580  448  64              0 0        225 30          0  0 
S Platform      30           3600  1110           0  1580  448  64              0 0        225 30          0  0
S Platform      30           3890  990          0  525   128  64              0 0         28 28           28 0 
S Platform      30           4080  880          0  525   128  64              0 0         28 28           28 0 
S Platform      30           3900  770          0  525   128  64              0 0         28 28           28 0 
S Platform      30           3500  650           0  1580  448  64              0 0        225 30          0  0
S Platform      30           3200  550          0  525   128  64              0 0         28 28           28 0 
S Platform      30           3350  450          0  525   128  64              0 0         28 28           28 0 
S Platform      30           3680  350           0  1580  448  64              0 0        225 30          0  0 
S Platform      30           4100  350           0  1580  448  64              0 0        225 30          0  0
S Platform      30           -130  850          0  0  0  0             0 0         120  105       0 0
S Platform      30           -130  500          0  0  0  0             0 0         120  105       0 0
S BonusLive     2           100   550           3   6    34   36              0 10        11  11         -3 -2
S BonusLive     2           3540  595           3   6    34   36              0 10        11  11         -3 -2
S BonusCoin     2           310   970          5  42   34  36               1 10        11  11           -3 -2
S BonusCoin     2           330   930          5  42   34  36               1 10        11  11           -3 -2
S BonusCoin     2           350   890          5  42   34  36               1 10        11  11           -3 -2
S BonusCoin     2           390   870          5  42   34  36               1 10        11  11           -3 -2
S BonusCoin     2           430   890          5  42   34  36               1 10        11  11           -3 -2
S BonusCoin     2           460   930          5  42   34  36               1 10        11  11           -3 -2
S BonusCoin     2           480   970          5  42   34  36               1 10        11  11           -3 -2
S BonusCoin     2           4050   805          5  42   34  36               1 10        11  11           -3 -2
S BonusCoin     2           4050   765          5  42   34  36               1 10        11  11           -3 -2
S BonusCoin     2           4040   725          5  42   34  36               1 10        11  11           -3 -2
S BonusCoin     2           4010   680          5  42   34  36               1 10        11  11           -3 -2
S BonusCoin     2           3975   660          5  42   34  36               1 10        11  11           -3 -2
S BonusCoin     2           3935   655          5  42   34  36               1 10        11  11           -3 -2
S BonusCoin     2           3900   670          5  42   34  36               1 10        11  11           -3 -2
S BonusCoin     2           3870   700          5  42   34  36               1 10        11  11           -3 -2
S BonusCoin     2           3300   360          5  42   34  36               1 10        11  11           -3 -2
S BonusCoin     2           3320   320          5  42   34  36               1 10        11  11           -3 -2
S BonusCoin     2           3350   275          5  42   34  36               1 10        11  11           -3 -2
S BonusCoin     2           3380   235          5  42   34  36               1 10        11  11           -3 -2
S BonusCoin     2           3410   205          5  42   34  36               1 10        11  11           -3 -2
S BonusCoin     2           3450   225          5  42   34  36               1 10        11  11           -3 -2
S BonusCoin     2           3490   260          5  42   34  36               1 10        11  11           -3 -2
S BonusSpeed    2           3100  1050          5  84    34   36              2 16        11  11         -3 -2
S BonusSpeed    2           3500  1050          5  84    34   36              2 16        11  11         -3 -2
M Enemy         23          3300  1050          3   3    256  256            400 5       35  55          15  -10
M Enemy         24          400  500           3   3    128  128             300 5       20  30          0  0
M Enemy         25          1950 700           3   3    127  128             85 5       40  25          5  0
M Enemy         26          3900 300           3   3    128  128             300 5       25  30          5  0
M MovingPlatform 30          1250 800           0  196   256  64              100 10      125 30          0  -5 
M MovingPlatform 30          1580 500           0  196   256  64              200 13      125 30          0  -5 
M MovingPlatform 30          1930 800           0  196   256  64              150 14      125 30          0  -5 
M MovingPlatform 30          2300 700           0  196   256  64              110 7      125 30          0  -5 
S BonusMagicEffect     2   400  500          5  42    34   38              5 10        11  11          -3 1
S BonusMagicEffect     2   3400  1050          5  42    34   38              5 10        11  11          -3 1
S BonusMagicEffect     2   3800  300          5  42    34   38              5 10        11  11          -3 1
S Box           27          720  150          3  3     32   32              0 0         15  15          0  0
S Box           27          720  182          3  3     32   32              0 0         15  15          0  0
S Box           27          720  216          3  3     32   32              0 0         15  15          0  0
S Box           27          720  150          3  3     32   32              0 0         15  15          0  0
S Box           27          720  182          3  3     32   32              0 0         15  15          0  0
S Box           27          720  216          3  3     32   32              0 0         15  15          0  0
S Box           27          3177  150          3  3     32   32              0 0         15  15          0  0
S Box           27          3177  182          3  3     32   32              0 0         15  15          0  0
S Box           27          3177  216          3  3     32   32              0 0         15  15          0  0
M FallingBlock  3           1300  0            34  36  128 128               0  7        32  35           -3 -10
M FallingBlock  3           2300  70           34  36  128 128               0  7        32  35           -3 -10
M FallingBlock  28          3000  70             3 3    130 130				 0  8        15  15           -3 -10
M FallingBlock  28          2800  0             3 3    130 130				 0  8        15  15           -3 -10
M FallingBlock  28          2600  30             3 3    130 130				 0  8        15  15           -3 -10
M FallingBlock  28          4500  0             3 3    130 130				 0  8        15  15           -3 -10
M FallingBlock  28          4700  20             3 3    130 130				 0  8        15  15           -3 -10
S MineTrap      14          1200  1080          0  0  130 130                0  5        15  2             0 -8
S MineTrap      14          1350  1080          0  0  130 130                0  5        15  2             0 -8
S MineTrap      14          1500  1080          0  0  130 130                0  5        15  2             0 -8
S MineTrap      14          1650  1080          0  0  130 130                0  5        15  2             0 -8
S MineTrap      14          1800  1080          0  0  130 130                0  5        15  2             0 -8
S MineTrap      14          1950  1080          0  0  130 130                0  5        15  2             0 -8
S MineTrap      14          2100  1080          0  0  130 130                0  5        15  2             0 -8
S MineTrap      14          2250  1080          0  0  130 130                0  5        15  2             0 -8
S MineTrap      14          2400  1080          0  0  130 130                0  5        15  2             0 -8
S MineTrap      13          3950  300           0  0  130 130                0  5        7  2             0 -8
S MineTrap      13          3750  300           0  0  130 130                0  5        7  2             0 -8
S MineTrap      13          3550  300           0  0  130 130                0  5        7  2             0 -8
S MineTrap      13          4250  300           0  0  130 130                0  5        7  2             0 -8
M GuillotineTrap 4          3550  550          3 3  258 256                 0  8        15  2            -3  25
S WinGate       15          4910  310          3 3    128 128               0  4        35  35          0  -3
