T class   resourceIndex   position(x,y)  textureRect(col,row,width,height) frameLimit   sizeInBox2d    offsetBody
P Player        19           60   500          3   3    112  86              3 8         25  30          0  -11  60 700  1770 400  3640 400
S Platform      0           100  1050         18  575  192  170             0 0         85  80          14 4
S Platform      0           4885  720         18  575  192  170             0 0         85  80          14 4
S Platform      0           280  880          18  508  192  60              0 0			75  17          15 15
S Platform      0           400  1130         18  183  320  60              0 0         145 23          14  7 
S Platform      0           690  1130         18  183  320  60              0 0         145 23          14  7
S Platform      0           1430  1132        18  183  320  60              0 0         145 23          14  7
S Platform      0           2780  1132        18  183  320  60              0 0         145 23          14  7
S Platform      0           250  810		  30  933  200  200             0 0         12 0			-5  -50
S Platform      0           580  740		  18  183  320  60              0 0         145 23          14  7
S Platform      0           920  1000         18  440  128  60              0 0         45  15          15 15
S Platform      0           1100 900          18  508  192  60              0 0         75  17          15 15
S Platform      0           1280 850           18  440  128  60              0 0         45  15          15 15
S Platform      0           1450 850          18  508  192  60              0 0         75  17          15 15
S Platform      0           820  630          18  508  192  60              0 0         75  17          15 15
S Platform      0           -30  1000         0  0  0  0              0 0         20  75          5 16
S Platform      0           -30  800          0  0  0  0              0 0         20  75          5 16
S Platform      0           1600 920          10  245  60  190              0 0         20  75          5 16
S Platform      0           1720 920          10  245  60  190              0 0         20  75          5 16
S Platform      0           1800 920          10  245  60  190              0 0         20  75          5 16
S Platform      0           1900 920          10  245  60  190              0 0         20  75          5 16
S Platform      0           2000 920          10  245  60  190              0 0         20  75          5 16
S Platform      0           2100 920          10  245  60  190              0 0         20  75          5 16
S Platform      0           2200 920          10  245  60  190              0 0         20  75          5 16
S Platform      0           2310 920          10  245  60  190              0 0         20  75          5 16
S Platform      0           2400 920          10  245  60  190              0 0         20  75          5 16
S Platform      0           2500 920          10  245  60  190              0 0         20  75          5 16
S Platform      0           1100 830          0  1150  128  128             0 0         12 0		   -5  -40
S Platform      0           3630  550         18  440  128  60              0 0         45  15          15 15
S Platform      0           3760  450         18  440  128  60              0 0         45  15          15 15
S Platform      0           4350  350         18  440  128  60              0 0         45  15          15 15
S Platform      0           3900 350          18  508  192  60              0 0         75  17          15 15
S Platform      0           4000 350          18  508  192  60              0 0         75  17          15 15
S Platform      0           4200 350          18  508  192  60              0 0         75  17          15 15
S Platform      0           3850 670          18  508  192  60              0 0         75  17          15 15
S Platform      0           4020 670          18  508  192  60              0 0         75  17          15 15
S Platform      0           4190 670          18  508  192  60              0 0         75  17          15 15
S Platform      0           4360 670          18  508  192  60              0 0         75  17          15 15
S Platform      0           4530 670           18  440  128  60              0 0         45  15          15 15
S Platform      0           4500 350           18  440  128  60              0 0         45  15          15 15
S Platform      0           3920 280          0  1150  128  128             0 0         12 0		   -5  -40
S BonusLive     2           800  580          3   6   34 36              0 10        11  11           -3 -2
S BonusLive     2           1450  800         3   6   34  36                0 10        11  11           -3 -2
S BonusLive     2           3000  800         3   6   34  36                0 10        11  11           -3 -2
S BonusLive     2           2300  800         3   6   34  36                0 10        11  11           -3 -2
S BonusCoin     2           875  935          5  42   34  36                1 10        11  11           -3 -2
S BonusCoin     2           900  890          5  42   34  36                1 10        11  11           -3 -2
S BonusCoin     2           930  850          5  42   34  36                1 10        11  11           -3 -2
S BonusCoin     2           970   820          5  42   34  36               1 10        11  11           -3 -2
S BonusCoin     2           1010  800          5  42   34  36               1 10        11  11           -3 -2
S BonusCoin     2           1590  800          5  42   34  36               1 10        11  11           -3 -2
S BonusCoin     2           1710  800          5  42   34  36               1 10        11  11           -3 -2
S BonusCoin     2           1990  800          5  42   34  36               1 10        11  11           -3 -2
S BonusCoin     2           2510  800          5  42   34  36               1 10        11  11           -3 -2
S BonusCoin     2           580   680          5  42   34  36               1 10        11  11           -3 -2
S BonusCoin     2           600   640          5  42   34  36               1 10        11  11           -3 -2
S BonusCoin     2           630   600          5  42   34  36               1 10        11  11           -3 -2
S BonusCoin     2           660   560          5  42   34  36               1 10        11  11           -3 -2
S BonusCoin     2           700   540          5  42   34  36               1 10        11  11           -3 -2
S BonusCoin     2           740   530          5  42   34  36               1 10        11  11           -3 -2
S BonusCoin     2           780   540          5  42   34  36               1 10        11  11           -3 -2
S BonusCoin     2           3615  480          5  42   34  36               1 10        11  11           -3 -2
S BonusCoin     2           3635  430          5  42   34  36               1 10        11  11           -3 -2
S BonusCoin     2           3656  375          5  42   34  36               1 10        11  11           -3 -2
S BonusCoin     2           3685  330          5  42   34  36               1 10        11  11           -3 -2
S BonusCoin     2           3725  340          5  42   34  36               1 10        11  11           -3 -2
S BonusCoin     2           4320  270          5  42   34  36               1 10        11  11           -3 -2
S BonusCoin     2           4350  270          5  42   34  36               1 10        11  11           -3 -2
S BonusSpeed    2           3150  700          5  84   34  36               2 16        11  11           -3 -2
S BonusSpeed    2           4000  600          5  84   34  36               2 16        11  11           -3 -2
S WaterTrap     2           1650  1125         1  129  194 64               2  7        95  2            -3 -10
S WaterTrap     2           1830  1125         1  129  194 64               2  7        95  2            -3 -10
S WaterTrap     2           2010  1125         1  129  194 64               2  7        95  2            -3 -10
S WaterTrap     2           2190  1125         1  129  194 64               2  7        95  2            -3 -10
S WaterTrap     2           2370  1125         1  129  194 64               2  7        95  2            -3 -10
S WaterTrap     2           2550  1125         1  129  194 64               2  7        95  2            -3 -10
S MineTrap      14          1800  800          0  0  130 130                0  5        15  2             0 -8
S MineTrap      14          2400  800          0  0  130 130                0  5        15  2             0 -8
S MineTrap      13          650  1080          0  0  130 130                0  5        7  2             0 -8
S MineTrap      13          420  1080          0  0  130 130                0  5        7  2             0 -8
S MineTrap      13          4518  620          0  0  130 130                0  5        7  2             0 -8
M Enemy         5           570  500           3   3   109 85               120  4      23  25            0  -10
M Enemy         11          500  800           3   3   109 85               200 5       20  25            0  -10
M Enemy         12          2780 700           3   3   256 256              100 5       25  40            5  -10
M Enemy         6           4100 610           3   3   256 256              250 5       25  35            5  -10
M Enemy         18          4200 200           3   3   256 256              30  5       25  40            5  -10
M MovingPlatform 0          3000 950          18  508  192  60              130 10      75  17            15 15
M MovingPlatform 0          3200 800          18  508  192  60              200 15      75  17            15 15
M MovingPlatform 0          3400 600          18  508  192  60              150 7       75  17            15 15
M MovingPlatform 0          4700 600          18  508  192  60              170 10       75  17            15 15
M FallingBlock  3           780  70           34  36  128 128               0  7        32  35           -3 -10
M FallingBlock  3           530  0            34  36  128 128               0  7        32  35           -3 -10
M FallingBlock  17          1995  70           3 3 256 256				    0  7        15  15           -3 -10
M FallingBlock  3           4700  10            34  36  128 128               0  7        32  35           -3 -10
M FallingBlock  3           280  150          34  36  128 128               0  7        32  35           -3 -10
M GuillotineTrap 4          1450  770          3 3  258 256                 0  8        15  2            -3  25
S WinGate       15          4910  595          3 3    128 128               0  4        35  35          0  -3
S BonusMagicEffect     2    570  1000          5  42   34  38              5 10        11  11           -3 1
S BonusMagicEffect     2    500  600          5  42   34  38              5 10        11  11           -3 1
S BonusMagicEffect     2    2780  1000          5  42   34  38              5 10        11  11           -3 1
S BonusMagicEffect     2    4100  600          5  42   34  38              5 10        11  11           -3 1
S Box           1          1270  565          3  3     32   32              0 0         13  13          0  0
S Box           1          1280  535          3  3     32   32              0 0         13  13          0  0
S Box           1          1290  565          3  3     32   32              0 0         13  13          0  0
S Box           1          4500  150          3  3     32   32              0 0         13  13          0  0
S Box           1          4500  182          3  3     32   32              0 0         13  13          0  0
S Box           1          4500  216          3  3     32   32              0 0         13  13          0  0
